卓工1701	30	0	0	0	0
CS1613	30	0	0	0	0
CS1612	30	0	0	0	0
CS1611	30	0	0	0	0
CS1710	30	8	0	36	84
CS1709	30	16	0	36	124
CS1708	30	8	0	76	40
CS1707	30	0	0	76	0
CS1706	30	0	0	12	38
CS1705	30	8	0	12	64
CS1704	30	16	16	84	136
CS1703	30	8	0	0	64
CS1702	30	14	8	124	76
CS1701	30	14	8	124	76
IS1403	29	0	0	0	0
IS1402	29	0	0	0	0
IS1401	29	0	0	0	0
CS1410	24	0	0	48	0
CS1409	24	0	0	48	0
CS1408	24	0	0	48	0
CS1407	24	0	0	48	0
CS1406	24	0	0	48	0
CS1405	24	0	0	48	0
CS1404	24	0	0	48	0
CS1403	24	0	0	48	0
CS1402	24	0	0	48	0
CS1401	24	0	0	48	0
IS1601	28	4	8	72	0
CS1609	28	16	16	274	0
IS1503	29	0	0	0	0
IS1502	29	0	0	0	0
IS1501	28	0	0	0	0
IOT1501	28	0	0	0	0
ACM1501	23	0	0	0	0
卓工1501	28	0	0	0	0
CS1510	28	0	0	0	0
CS1509	26	0	0	0	0
CS1508	29	0	0	0	0
CS1507	32	0	0	0	0
CS1506	31	0	0	0	0
CS1505	25	0	0	0	0
CS1504	25	0	0	0	0
CS1503	26	0	0	0	0
CS1502	28	0	0	0	0
CS1501	25	0	0	0	0
校交1601	38	12	16	170	26
IS1603	26	4	8	72	0
IS1602	26	4	8	72	0
IOT1601	33	8	8	98	26
ACM1601	30	0	0	40	20
卓工1601	30	16	8	180	72
CS1610	28	16	16	248	26
CS1608	27	16	16	308	0
CS1607	28	16	16	288	0
CS1606	26	16	16	288	20
CS1605	25	16	24	364	20
CS1604	28	16	8	308	32
CS1603	26	16	8	296	32
CS1602	27	24	4	252	40
CS1601	28	36	16	332	80
